function [cmap] = rainbow()
% colormap: black-pink-purple-blue-green-yellow-orange-red
% hardcoded 100 levels :(
% good contrast throughout though
cmap = ...
[           0            0            0
         0.08            0         0.02
         0.16            0         0.04
         0.24            0         0.06
         0.32            0         0.08
          0.4            0          0.1
         0.48            0         0.12
         0.56            0         0.14
         0.64            0         0.16
         0.72            0         0.18
          0.8            0          0.2
         0.82            0         0.28
         0.84            0         0.36
         0.86            0         0.44
         0.88            0         0.52
          0.9            0          0.6
         0.92            0         0.68
         0.94            0         0.76
         0.96            0         0.84
         0.98            0         0.92
            1            0            1
      0.94784      0.00627      0.98941
      0.89568      0.01254      0.97882
      0.84352      0.01881      0.96823
      0.79136      0.02508      0.95764
       0.7392      0.03135      0.94705
      0.68704      0.03762      0.93646
      0.63488      0.04389      0.92587
      0.58272      0.05016      0.91528
      0.53056      0.05643      0.90469
       0.4784       0.0627       0.8941
       0.4306       0.0564       0.9047
       0.3827       0.0502       0.9153
       0.3349       0.0439       0.9259
        0.287       0.0376       0.9365
       0.2392       0.0314        0.947
       0.1914       0.0251       0.9576
       0.1435       0.0188       0.9682
       0.0957       0.0125       0.9788
       0.0478       0.0063       0.9894
            0            0            1
       0.0043       0.0518        0.978
       0.0086       0.1035       0.9561
       0.0129       0.1553       0.9341
       0.0172        0.207       0.9122
       0.0215       0.2588       0.8902
       0.0259       0.3106       0.8682
       0.0302       0.3623       0.8463
       0.0345       0.4141       0.8243
       0.0388       0.4658       0.8024
       0.0431       0.5176       0.7804
       0.0388       0.5458       0.7624
       0.0345       0.5741       0.7443
       0.0302       0.6023       0.7263
       0.0259       0.6306       0.7082
       0.0215       0.6588       0.6902
       0.0172        0.687       0.6722
       0.0129       0.7153       0.6541
       0.0086       0.7435       0.6361
       0.0043       0.7718        0.618
            0          0.8          0.6
         0.04         0.82         0.56
         0.08         0.84         0.52
         0.12         0.86         0.48
         0.16         0.88         0.44
          0.2          0.9          0.4
         0.24         0.92         0.36
         0.28         0.94         0.32
         0.32         0.96         0.28
         0.36         0.98         0.24
          0.4            1          0.2
         0.46            1         0.18
         0.52            1         0.16
         0.58            1         0.14
         0.64            1         0.12
          0.7            1          0.1
         0.76            1         0.08
         0.82            1         0.06
         0.88            1         0.04
         0.94            1         0.02
            1            1            0
            1         0.96            0
            1         0.92            0
            1         0.88            0
            1         0.84            0
            1          0.8            0
            1         0.76            0
            1         0.72            0
            1         0.68            0
            1         0.64            0
            1          0.6            0
            1       0.5333            0
            1       0.4667            0
            1          0.4            0
            1       0.3333            0
            1       0.2667            0
            1          0.2            0
            1       0.1333            0
            1       0.0667            0
            1            0            0 ];
   